(kicad_pcb (version 20171130) (host pcbnew "(5.1.6)-1")

  (general
    (thickness 1.6)
    (drawings 52)
    (tracks 876)
    (zones 0)
    (modules 72)
    (nets 6)
  )

  (page A4)
  (layers
    (0 F.Cu signal)
    (31 B.Cu signal hide)
    (32 B.Adhes user hide)
    (33 F.Adhes user hide)
    (34 B.Paste user hide)
    (35 F.Paste user hide)
    (36 B.SilkS user hide)
    (37 F.SilkS user hide)
    (38 B.Mask user hide)
    (39 F.Mask user hide)
    (40 Dwgs.User user)
    (41 Cmts.User user hide)
    (42 Eco1.User user hide)
    (43 Eco2.User user)
    (44 Edge.Cuts user)
    (45 Margin user hide)
    (46 B.CrtYd user hide)
    (47 F.CrtYd user hide)
    (48 B.Fab user hide)
    (49 F.Fab user hide)
  )

  (setup
    (last_trace_width 0.25)
    (user_trace_width 0.6)
    (user_trace_width 1)
    (trace_clearance 0.2)
    (zone_clearance 0.508)
    (zone_45_only no)
    (trace_min 0.2)
    (via_size 0.8)
    (via_drill 0.4)
    (via_min_size 0.4)
    (via_min_drill 0.3)
    (uvia_size 0.3)
    (uvia_drill 0.1)
    (uvias_allowed no)
    (uvia_min_size 0.2)
    (uvia_min_drill 0.1)
    (edge_width 0.05)
    (segment_width 0.2)
    (pcb_text_width 0.3)
    (pcb_text_size 1.5 1.5)
    (mod_edge_width 0.12)
    (mod_text_size 1 1)
    (mod_text_width 0.15)
    (pad_size 1.524 1.524)
    (pad_drill 0.762)
    (pad_to_mask_clearance 0.05)
    (aux_axis_origin 0 0)
    (visible_elements 7FFFFFFF)
    (pcbplotparams
      (layerselection 0x00000_7fffffff)
      (usegerberextensions false)
      (usegerberattributes true)
      (usegerberadvancedattributes true)
      (creategerberjobfile true)
      (excludeedgelayer false)
      (linewidth 0.100000)
      (plotframeref false)
      (viasonmask false)
      (mode 1)
      (useauxorigin false)
      (hpglpennumber 1)
      (hpglpenspeed 20)
      (hpglpendiameter 15.000000)
      (psnegative true)
      (psa4output false)
      (plotreference true)
      (plotvalue false)
      (plotinvisibletext false)
      (padsonsilk false)
      (subtractmaskfromsilk false)
      (outputformat 4)
      (mirror false)
      (drillshape 0)
      (scaleselection 1)
      (outputdirectory ""))
  )

  (net 0 "")
  (net 1 GND)
  (net 2 +3V3)
  (net 3 SDA)
  (net 4 SCL)
  (net 5 "Net-(IC1-Pad5)")

  (net_class Default "This is the default net class."
    (clearance 0.2)
    (trace_width 0.25)
    (via_dia 0.8)
    (via_drill 0.4)
    (uvia_dia 0.3)
    (uvia_drill 0.1)
    (add_net +3V3)
    (add_net GND)
    (add_net "Net-(IC1-Pad5)")
    (add_net SCL)
    (add_net SDA)
  )

  (module SamacSys_Parts:TSM-104-YY-ZZZ-DV-P-TR (layer F.Cu) (tedit 5F3F11ED) (tstamp 5F49567C)
    (at 139.81 132.475)
    (descr TSM-104-YY-ZZZ-DV-P-TR)
    (tags Connector)
    (path /5F3F1E47)
    (attr smd)
    (fp_text reference J1 (at 0 0) (layer F.SilkS)
      (effects (font (size 1.27 1.27) (thickness 0.254)))
    )
    (fp_text value TSM-104-02-S-DV-P-TR (at 0 0) (layer F.SilkS) hide
      (effects (font (size 1.27 1.27) (thickness 0.254)))
    )
    (fp_circle (center 3.86 -4.775) (end 3.81 -4.775) (layer F.SilkS) (width 0.254))
    (fp_line (start -6.28 5.315) (end -6.28 -5.875) (layer Dwgs.User) (width 0.05))
    (fp_line (start 6.28 5.315) (end -6.28 5.315) (layer Dwgs.User) (width 0.05))
    (fp_line (start 6.28 -5.875) (end 6.28 5.315) (layer Dwgs.User) (width 0.05))
    (fp_line (start -6.28 -5.875) (end 6.28 -5.875) (layer Dwgs.User) (width 0.05))
    (fp_line (start -5.08 2.54) (end -5.08 -2.54) (layer F.SilkS) (width 0.1))
    (fp_line (start 5.08 -2.54) (end 5.08 2.54) (layer F.SilkS) (width 0.1))
    (fp_line (start -5.08 2.54) (end -5.08 -2.54) (layer Dwgs.User) (width 0.2))
    (fp_line (start 5.08 2.54) (end -5.08 2.54) (layer Dwgs.User) (width 0.2))
    (fp_line (start 5.08 -2.54) (end 5.08 2.54) (layer Dwgs.User) (width 0.2))
    (fp_line (start -5.08 -2.54) (end 5.08 -2.54) (layer Dwgs.User) (width 0.2))
    (pad 8 smd rect (at -3.81 2.475) (size 1.27 3.68) (layers F.Cu F.Paste F.Mask)
      (net 1 GND))
    (pad 7 smd rect (at -3.81 -2.475) (size 1.27 3.68) (layers F.Cu F.Paste F.Mask)
      (net 2 +3V3))
    (pad 6 smd rect (at -1.27 2.475) (size 1.27 3.68) (layers F.Cu F.Paste F.Mask)
      (net 1 GND))
    (pad 5 smd rect (at -1.27 -2.475) (size 1.27 3.68) (layers F.Cu F.Paste F.Mask)
      (net 1 GND))
    (pad 4 smd rect (at 1.27 2.475) (size 1.27 3.68) (layers F.Cu F.Paste F.Mask)
      (net 1 GND))
    (pad 3 smd rect (at 1.27 -2.475) (size 1.27 3.68) (layers F.Cu F.Paste F.Mask)
      (net 4 SCL))
    (pad 2 smd rect (at 3.81 2.475) (size 1.27 3.68) (layers F.Cu F.Paste F.Mask)
      (net 1 GND))
    (pad 1 smd rect (at 3.81 -2.475) (size 1.27 3.68) (layers F.Cu F.Paste F.Mask)
      (net 3 SDA))
  )

  (module Resistor_SMD:R_1206_3216Metric (layer F.Cu) (tedit 5B301BBD) (tstamp 5F49566C)
    (at 139.6 121.4)
    (descr "Resistor SMD 1206 (3216 Metric), square (rectangular) end terminal, IPC_7351 nominal, (Body size source: http://www.tortai-tech.com/upload/download/2011102023233369053.pdf), generated with kicad-footprint-generator")
    (tags resistor)
    (path /5F470842)
    (attr smd)
    (fp_text reference R2 (at 0 -1.82) (layer F.SilkS)
      (effects (font (size 1 1) (thickness 0.15)))
    )
    (fp_text value 10K (at 0 1.82) (layer F.Fab)
      (effects (font (size 1 1) (thickness 0.15)))
    )
    (fp_line (start -1.6 0.8) (end -1.6 -0.8) (layer F.Fab) (width 0.1))
    (fp_line (start -1.6 -0.8) (end 1.6 -0.8) (layer F.Fab) (width 0.1))
    (fp_line (start 1.6 -0.8) (end 1.6 0.8) (layer F.Fab) (width 0.1))
    (fp_line (start 1.6 0.8) (end -1.6 0.8) (layer F.Fab) (width 0.1))
    (fp_line (start -0.602064 -0.91) (end 0.602064 -0.91) (layer F.SilkS) (width 0.12))
    (fp_line (start -0.602064 0.91) (end 0.602064 0.91) (layer F.SilkS) (width 0.12))
    (fp_line (start -2.28 1.12) (end -2.28 -1.12) (layer F.CrtYd) (width 0.05))
    (fp_line (start -2.28 -1.12) (end 2.28 -1.12) (layer F.CrtYd) (width 0.05))
    (fp_line (start 2.28 -1.12) (end 2.28 1.12) (layer F.CrtYd) (width 0.05))
    (fp_line (start 2.28 1.12) (end -2.28 1.12) (layer F.CrtYd) (width 0.05))
    (fp_text user %R (at 0 0) (layer F.Fab)
      (effects (font (size 0.8 0.8) (thickness 0.12)))
    )
    (pad 2 smd roundrect (at 1.4 0) (size 1.25 1.75) (layers F.Cu F.Paste F.Mask) (roundrect_rratio 0.2)
      (net 3 SDA))
    (pad 1 smd roundrect (at -1.4 0) (size 1.25 1.75) (layers F.Cu F.Paste F.Mask) (roundrect_rratio 0.2)
      (net 2 +3V3))
    (model ${KISYS3DMOD}/Resistor_SMD.3dshapes/R_1206_3216Metric.wrl
      (at (xyz 0 0 0))
      (scale (xyz 1 1 1))
      (rotate (xyz 0 0 0))
    )
  )

  (module Resistor_SMD:R_1206_3216Metric (layer F.Cu) (tedit 5B301BBD) (tstamp 5F49565C)
    (at 143 124.2 270)
    (descr "Resistor SMD 1206 (3216 Metric), square (rectangular) end terminal, IPC_7351 nominal, (Body size source: http://www.tortai-tech.com/upload/download/2011102023233369053.pdf), generated with kicad-footprint-generator")
    (tags resistor)
    (path /5F4705D5)
    (attr smd)
    (fp_text reference R1 (at 0 -1.82 90) (layer F.SilkS)
      (effects (font (size 1 1) (thickness 0.15)))
    )
    (fp_text value 10K (at 0 1.82 90) (layer F.Fab)
      (effects (font (size 1 1) (thickness 0.15)))
    )
    (fp_line (start -1.6 0.8) (end -1.6 -0.8) (layer F.Fab) (width 0.1))
    (fp_line (start -1.6 -0.8) (end 1.6 -0.8) (layer F.Fab) (width 0.1))
    (fp_line (start 1.6 -0.8) (end 1.6 0.8) (layer F.Fab) (width 0.1))
    (fp_line (start 1.6 0.8) (end -1.6 0.8) (layer F.Fab) (width 0.1))
    (fp_line (start -0.602064 -0.91) (end 0.602064 -0.91) (layer F.SilkS) (width 0.12))
    (fp_line (start -0.602064 0.91) (end 0.602064 0.91) (layer F.SilkS) (width 0.12))
    (fp_line (start -2.28 1.12) (end -2.28 -1.12) (layer F.CrtYd) (width 0.05))
    (fp_line (start -2.28 -1.12) (end 2.28 -1.12) (layer F.CrtYd) (width 0.05))
    (fp_line (start 2.28 -1.12) (end 2.28 1.12) (layer F.CrtYd) (width 0.05))
    (fp_line (start 2.28 1.12) (end -2.28 1.12) (layer F.CrtYd) (width 0.05))
    (fp_text user %R (at 0 0 90) (layer F.Fab)
      (effects (font (size 0.8 0.8) (thickness 0.12)))
    )
    (pad 2 smd roundrect (at 1.4 0 270) (size 1.25 1.75) (layers F.Cu F.Paste F.Mask) (roundrect_rratio 0.2)
      (net 4 SCL))
    (pad 1 smd roundrect (at -1.4 0 270) (size 1.25 1.75) (layers F.Cu F.Paste F.Mask) (roundrect_rratio 0.2)
      (net 2 +3V3))
    (model ${KISYS3DMOD}/Resistor_SMD.3dshapes/R_1206_3216Metric.wrl
      (at (xyz 0 0 0))
      (scale (xyz 1 1 1))
      (rotate (xyz 0 0 0))
    )
  )

  (module SamacSys_Parts:SON65P200X200X65-7N-D (layer F.Cu) (tedit 5F45FCBF) (tstamp 5F495648)
    (at 139.9 124.95)
    (descr DNP0006A_1)
    (tags "Integrated Circuit")
    (path /5F46D327)
    (attr smd)
    (fp_text reference IC1 (at 0 0) (layer F.SilkS)
      (effects (font (size 1.27 1.27) (thickness 0.254)))
    )
    (fp_text value OPT3002DNPT (at 0 0) (layer F.SilkS) hide
      (effects (font (size 1.27 1.27) (thickness 0.254)))
    )
    (fp_circle (center -1.375 -1.3) (end -1.25 -1.3) (layer F.SilkS) (width 0.254))
    (fp_line (start -1 -0.5) (end -0.5 -1) (layer Dwgs.User) (width 0.1))
    (fp_line (start -1 1) (end -1 -1) (layer Dwgs.User) (width 0.1))
    (fp_line (start 1 1) (end -1 1) (layer Dwgs.User) (width 0.1))
    (fp_line (start 1 -1) (end 1 1) (layer Dwgs.User) (width 0.1))
    (fp_line (start -1 -1) (end 1 -1) (layer Dwgs.User) (width 0.1))
    (fp_line (start -1.625 1.3) (end -1.625 -1.3) (layer Dwgs.User) (width 0.05))
    (fp_line (start 1.625 1.3) (end -1.625 1.3) (layer Dwgs.User) (width 0.05))
    (fp_line (start 1.625 -1.3) (end 1.625 1.3) (layer Dwgs.User) (width 0.05))
    (fp_line (start -1.625 -1.3) (end 1.625 -1.3) (layer Dwgs.User) (width 0.05))
    (pad 7 smd rect (at 0 0) (size 0.75 1.45) (layers F.Cu F.Paste F.Mask)
      (net 1 GND))
    (pad 6 smd rect (at 1 -0.65 90) (size 0.3 0.75) (layers F.Cu F.Paste F.Mask)
      (net 3 SDA))
    (pad 5 smd rect (at 1 0 90) (size 0.3 0.75) (layers F.Cu F.Paste F.Mask)
      (net 5 "Net-(IC1-Pad5)"))
    (pad 4 smd rect (at 1 0.65 90) (size 0.3 0.75) (layers F.Cu F.Paste F.Mask)
      (net 4 SCL))
    (pad 3 smd rect (at -1 0.65 90) (size 0.3 0.75) (layers F.Cu F.Paste F.Mask)
      (net 1 GND))
    (pad 2 smd rect (at -1 0 90) (size 0.3 0.75) (layers F.Cu F.Paste F.Mask)
      (net 1 GND))
    (pad 1 smd rect (at -1 -0.65 90) (size 0.3 0.75) (layers F.Cu F.Paste F.Mask)
      (net 2 +3V3))
  )

  (module Resistor_SMD:R_1206_3216Metric (layer F.Cu) (tedit 5B301BBD) (tstamp 5F495638)
    (at 154.6 121.4)
    (descr "Resistor SMD 1206 (3216 Metric), square (rectangular) end terminal, IPC_7351 nominal, (Body size source: http://www.tortai-tech.com/upload/download/2011102023233369053.pdf), generated with kicad-footprint-generator")
    (tags resistor)
    (path /5F470842)
    (attr smd)
    (fp_text reference R2 (at 0 -1.82) (layer F.SilkS)
      (effects (font (size 1 1) (thickness 0.15)))
    )
    (fp_text value 10K (at 0 1.82) (layer F.Fab)
      (effects (font (size 1 1) (thickness 0.15)))
    )
    (fp_text user %R (at 0 0) (layer F.Fab)
      (effects (font (size 0.8 0.8) (thickness 0.12)))
    )
    (fp_line (start 2.28 1.12) (end -2.28 1.12) (layer F.CrtYd) (width 0.05))
    (fp_line (start 2.28 -1.12) (end 2.28 1.12) (layer F.CrtYd) (width 0.05))
    (fp_line (start -2.28 -1.12) (end 2.28 -1.12) (layer F.CrtYd) (width 0.05))
    (fp_line (start -2.28 1.12) (end -2.28 -1.12) (layer F.CrtYd) (width 0.05))
    (fp_line (start -0.602064 0.91) (end 0.602064 0.91) (layer F.SilkS) (width 0.12))
    (fp_line (start -0.602064 -0.91) (end 0.602064 -0.91) (layer F.SilkS) (width 0.12))
    (fp_line (start 1.6 0.8) (end -1.6 0.8) (layer F.Fab) (width 0.1))
    (fp_line (start 1.6 -0.8) (end 1.6 0.8) (layer F.Fab) (width 0.1))
    (fp_line (start -1.6 -0.8) (end 1.6 -0.8) (layer F.Fab) (width 0.1))
    (fp_line (start -1.6 0.8) (end -1.6 -0.8) (layer F.Fab) (width 0.1))
    (pad 1 smd roundrect (at -1.4 0) (size 1.25 1.75) (layers F.Cu F.Paste F.Mask) (roundrect_rratio 0.2)
      (net 2 +3V3))
    (pad 2 smd roundrect (at 1.4 0) (size 1.25 1.75) (layers F.Cu F.Paste F.Mask) (roundrect_rratio 0.2)
      (net 3 SDA))
    (model ${KISYS3DMOD}/Resistor_SMD.3dshapes/R_1206_3216Metric.wrl
      (at (xyz 0 0 0))
      (scale (xyz 1 1 1))
      (rotate (xyz 0 0 0))
    )
  )

  (module Capacitor_SMD:C_1206_3216Metric_Pad1.42x1.75mm_HandSolder (layer F.Cu) (tedit 5B301BBE) (tstamp 5F495628)
    (at 151.2 124.1 90)
    (descr "Capacitor SMD 1206 (3216 Metric), square (rectangular) end terminal, IPC_7351 nominal with elongated pad for handsoldering. (Body size source: http://www.tortai-tech.com/upload/download/2011102023233369053.pdf), generated with kicad-footprint-generator")
    (tags "capacitor handsolder")
    (path /5F46BC93)
    (attr smd)
    (fp_text reference C1 (at 0 -1.82 90) (layer F.SilkS)
      (effects (font (size 1 1) (thickness 0.15)))
    )
    (fp_text value 100nF (at 0 1.82 90) (layer F.Fab)
      (effects (font (size 1 1) (thickness 0.15)))
    )
    (fp_text user %R (at 0 0 90) (layer F.Fab)
      (effects (font (size 0.8 0.8) (thickness 0.12)))
    )
    (fp_line (start 2.45 1.12) (end -2.45 1.12) (layer F.CrtYd) (width 0.05))
    (fp_line (start 2.45 -1.12) (end 2.45 1.12) (layer F.CrtYd) (width 0.05))
    (fp_line (start -2.45 -1.12) (end 2.45 -1.12) (layer F.CrtYd) (width 0.05))
    (fp_line (start -2.45 1.12) (end -2.45 -1.12) (layer F.CrtYd) (width 0.05))
    (fp_line (start -0.602064 0.91) (end 0.602064 0.91) (layer F.SilkS) (width 0.12))
    (fp_line (start -0.602064 -0.91) (end 0.602064 -0.91) (layer F.SilkS) (width 0.12))
    (fp_line (start 1.6 0.8) (end -1.6 0.8) (layer F.Fab) (width 0.1))
    (fp_line (start 1.6 -0.8) (end 1.6 0.8) (layer F.Fab) (width 0.1))
    (fp_line (start -1.6 -0.8) (end 1.6 -0.8) (layer F.Fab) (width 0.1))
    (fp_line (start -1.6 0.8) (end -1.6 -0.8) (layer F.Fab) (width 0.1))
    (pad 1 smd roundrect (at -1.4875 0 90) (size 1.425 1.75) (layers F.Cu F.Paste F.Mask) (roundrect_rratio 0.175439)
      (net 2 +3V3))
    (pad 2 smd roundrect (at 1.4875 0 90) (size 1.425 1.75) (layers F.Cu F.Paste F.Mask) (roundrect_rratio 0.175439)
      (net 1 GND))
    (model ${KISYS3DMOD}/Capacitor_SMD.3dshapes/C_1206_3216Metric.wrl
      (at (xyz 0 0 0))
      (scale (xyz 1 1 1))
      (rotate (xyz 0 0 0))
    )
  )

  (module Resistor_SMD:R_1206_3216Metric (layer F.Cu) (tedit 5B301BBD) (tstamp 5F495618)
    (at 169.6 121.4)
    (descr "Resistor SMD 1206 (3216 Metric), square (rectangular) end terminal, IPC_7351 nominal, (Body size source: http://www.tortai-tech.com/upload/download/2011102023233369053.pdf), generated with kicad-footprint-generator")
    (tags resistor)
    (path /5F470842)
    (attr smd)
    (fp_text reference R2 (at 0 -1.82) (layer F.SilkS)
      (effects (font (size 1 1) (thickness 0.15)))
    )
    (fp_text value 10K (at 0 1.82) (layer F.Fab)
      (effects (font (size 1 1) (thickness 0.15)))
    )
    (fp_line (start -1.6 0.8) (end -1.6 -0.8) (layer F.Fab) (width 0.1))
    (fp_line (start -1.6 -0.8) (end 1.6 -0.8) (layer F.Fab) (width 0.1))
    (fp_line (start 1.6 -0.8) (end 1.6 0.8) (layer F.Fab) (width 0.1))
    (fp_line (start 1.6 0.8) (end -1.6 0.8) (layer F.Fab) (width 0.1))
    (fp_line (start -0.602064 -0.91) (end 0.602064 -0.91) (layer F.SilkS) (width 0.12))
    (fp_line (start -0.602064 0.91) (end 0.602064 0.91) (layer F.SilkS) (width 0.12))
    (fp_line (start -2.28 1.12) (end -2.28 -1.12) (layer F.CrtYd) (width 0.05))
    (fp_line (start -2.28 -1.12) (end 2.28 -1.12) (layer F.CrtYd) (width 0.05))
    (fp_line (start 2.28 -1.12) (end 2.28 1.12) (layer F.CrtYd) (width 0.05))
    (fp_line (start 2.28 1.12) (end -2.28 1.12) (layer F.CrtYd) (width 0.05))
    (fp_text user %R (at 0 0) (layer F.Fab)
      (effects (font (size 0.8 0.8) (thickness 0.12)))
    )
    (pad 2 smd roundrect (at 1.4 0) (size 1.25 1.75) (layers F.Cu F.Paste F.Mask) (roundrect_rratio 0.2)
      (net 3 SDA))
    (pad 1 smd roundrect (at -1.4 0) (size 1.25 1.75) (layers F.Cu F.Paste F.Mask) (roundrect_rratio 0.2)
      (net 2 +3V3))
    (model ${KISYS3DMOD}/Resistor_SMD.3dshapes/R_1206_3216Metric.wrl
      (at (xyz 0 0 0))
      (scale (xyz 1 1 1))
      (rotate (xyz 0 0 0))
    )
  )

  (module Resistor_SMD:R_1206_3216Metric (layer F.Cu) (tedit 5B301BBD) (tstamp 5F495608)
    (at 160.3 124.2 270)
    (descr "Resistor SMD 1206 (3216 Metric), square (rectangular) end terminal, IPC_7351 nominal, (Body size source: http://www.tortai-tech.com/upload/download/2011102023233369053.pdf), generated with kicad-footprint-generator")
    (tags resistor)
    (path /5F46FED4)
    (attr smd)
    (fp_text reference R3 (at 0 -1.82 90) (layer F.SilkS)
      (effects (font (size 1 1) (thickness 0.15)))
    )
    (fp_text value 10K (at 0 1.82 90) (layer F.Fab)
      (effects (font (size 1 1) (thickness 0.15)))
    )
    (fp_text user %R (at 0 0 90) (layer F.Fab)
      (effects (font (size 0.8 0.8) (thickness 0.12)))
    )
    (fp_line (start 2.28 1.12) (end -2.28 1.12) (layer F.CrtYd) (width 0.05))
    (fp_line (start 2.28 -1.12) (end 2.28 1.12) (layer F.CrtYd) (width 0.05))
    (fp_line (start -2.28 -1.12) (end 2.28 -1.12) (layer F.CrtYd) (width 0.05))
    (fp_line (start -2.28 1.12) (end -2.28 -1.12) (layer F.CrtYd) (width 0.05))
    (fp_line (start -0.602064 0.91) (end 0.602064 0.91) (layer F.SilkS) (width 0.12))
    (fp_line (start -0.602064 -0.91) (end 0.602064 -0.91) (layer F.SilkS) (width 0.12))
    (fp_line (start 1.6 0.8) (end -1.6 0.8) (layer F.Fab) (width 0.1))
    (fp_line (start 1.6 -0.8) (end 1.6 0.8) (layer F.Fab) (width 0.1))
    (fp_line (start -1.6 -0.8) (end 1.6 -0.8) (layer F.Fab) (width 0.1))
    (fp_line (start -1.6 0.8) (end -1.6 -0.8) (layer F.Fab) (width 0.1))
    (pad 1 smd roundrect (at -1.4 0 270) (size 1.25 1.75) (layers F.Cu F.Paste F.Mask) (roundrect_rratio 0.2)
      (net 2 +3V3))
    (pad 2 smd roundrect (at 1.4 0 270) (size 1.25 1.75) (layers F.Cu F.Paste F.Mask) (roundrect_rratio 0.2)
      (net 5 "Net-(IC1-Pad5)"))
    (model ${KISYS3DMOD}/Resistor_SMD.3dshapes/R_1206_3216Metric.wrl
      (at (xyz 0 0 0))
      (scale (xyz 1 1 1))
      (rotate (xyz 0 0 0))
    )
  )

  (module Capacitor_SMD:C_1206_3216Metric_Pad1.42x1.75mm_HandSolder (layer F.Cu) (tedit 5B301BBE) (tstamp 5F4955F8)
    (at 181.2 124.1 90)
    (descr "Capacitor SMD 1206 (3216 Metric), square (rectangular) end terminal, IPC_7351 nominal with elongated pad for handsoldering. (Body size source: http://www.tortai-tech.com/upload/download/2011102023233369053.pdf), generated with kicad-footprint-generator")
    (tags "capacitor handsolder")
    (path /5F46BC93)
    (attr smd)
    (fp_text reference C1 (at 0 -1.82 90) (layer F.SilkS)
      (effects (font (size 1 1) (thickness 0.15)))
    )
    (fp_text value 100nF (at 0 1.82 90) (layer F.Fab)
      (effects (font (size 1 1) (thickness 0.15)))
    )
    (fp_text user %R (at 0 0 90) (layer F.Fab)
      (effects (font (size 0.8 0.8) (thickness 0.12)))
    )
    (fp_line (start 2.45 1.12) (end -2.45 1.12) (layer F.CrtYd) (width 0.05))
    (fp_line (start 2.45 -1.12) (end 2.45 1.12) (layer F.CrtYd) (width 0.05))
    (fp_line (start -2.45 -1.12) (end 2.45 -1.12) (layer F.CrtYd) (width 0.05))
    (fp_line (start -2.45 1.12) (end -2.45 -1.12) (layer F.CrtYd) (width 0.05))
    (fp_line (start -0.602064 0.91) (end 0.602064 0.91) (layer F.SilkS) (width 0.12))
    (fp_line (start -0.602064 -0.91) (end 0.602064 -0.91) (layer F.SilkS) (width 0.12))
    (fp_line (start 1.6 0.8) (end -1.6 0.8) (layer F.Fab) (width 0.1))
    (fp_line (start 1.6 -0.8) (end 1.6 0.8) (layer F.Fab) (width 0.1))
    (fp_line (start -1.6 -0.8) (end 1.6 -0.8) (layer F.Fab) (width 0.1))
    (fp_line (start -1.6 0.8) (end -1.6 -0.8) (layer F.Fab) (width 0.1))
    (pad 1 smd roundrect (at -1.4875 0 90) (size 1.425 1.75) (layers F.Cu F.Paste F.Mask) (roundrect_rratio 0.175439)
      (net 2 +3V3))
    (pad 2 smd roundrect (at 1.4875 0 90) (size 1.425 1.75) (layers F.Cu F.Paste F.Mask) (roundrect_rratio 0.175439)
      (net 1 GND))
    (model ${KISYS3DMOD}/Capacitor_SMD.3dshapes/C_1206_3216Metric.wrl
      (at (xyz 0 0 0))
      (scale (xyz 1 1 1))
      (rotate (xyz 0 0 0))
    )
  )

  (module Resistor_SMD:R_1206_3216Metric (layer F.Cu) (tedit 5B301BBD) (tstamp 5F4955E8)
    (at 173 124.2 270)
    (descr "Resistor SMD 1206 (3216 Metric), square (rectangular) end terminal, IPC_7351 nominal, (Body size source: http://www.tortai-tech.com/upload/download/2011102023233369053.pdf), generated with kicad-footprint-generator")
    (tags resistor)
    (path /5F4705D5)
    (attr smd)
    (fp_text reference R1 (at 0 -1.82 90) (layer F.SilkS)
      (effects (font (size 1 1) (thickness 0.15)))
    )
    (fp_text value 10K (at 0 1.82 90) (layer F.Fab)
      (effects (font (size 1 1) (thickness 0.15)))
    )
    (fp_line (start -1.6 0.8) (end -1.6 -0.8) (layer F.Fab) (width 0.1))
    (fp_line (start -1.6 -0.8) (end 1.6 -0.8) (layer F.Fab) (width 0.1))
    (fp_line (start 1.6 -0.8) (end 1.6 0.8) (layer F.Fab) (width 0.1))
    (fp_line (start 1.6 0.8) (end -1.6 0.8) (layer F.Fab) (width 0.1))
    (fp_line (start -0.602064 -0.91) (end 0.602064 -0.91) (layer F.SilkS) (width 0.12))
    (fp_line (start -0.602064 0.91) (end 0.602064 0.91) (layer F.SilkS) (width 0.12))
    (fp_line (start -2.28 1.12) (end -2.28 -1.12) (layer F.CrtYd) (width 0.05))
    (fp_line (start -2.28 -1.12) (end 2.28 -1.12) (layer F.CrtYd) (width 0.05))
    (fp_line (start 2.28 -1.12) (end 2.28 1.12) (layer F.CrtYd) (width 0.05))
    (fp_line (start 2.28 1.12) (end -2.28 1.12) (layer F.CrtYd) (width 0.05))
    (fp_text user %R (at 0 0 90) (layer F.Fab)
      (effects (font (size 0.8 0.8) (thickness 0.12)))
    )
    (pad 2 smd roundrect (at 1.4 0 270) (size 1.25 1.75) (layers F.Cu F.Paste F.Mask) (roundrect_rratio 0.2)
      (net 4 SCL))
    (pad 1 smd roundrect (at -1.4 0 270) (size 1.25 1.75) (layers F.Cu F.Paste F.Mask) (roundrect_rratio 0.2)
      (net 2 +3V3))
    (model ${KISYS3DMOD}/Resistor_SMD.3dshapes/R_1206_3216Metric.wrl
      (at (xyz 0 0 0))
      (scale (xyz 1 1 1))
      (rotate (xyz 0 0 0))
    )
  )

  (module Resistor_SMD:R_1206_3216Metric (layer F.Cu) (tedit 5B301BBD) (tstamp 5F4955D8)
    (at 188 124.2 270)
    (descr "Resistor SMD 1206 (3216 Metric), square (rectangular) end terminal, IPC_7351 nominal, (Body size source: http://www.tortai-tech.com/upload/download/2011102023233369053.pdf), generated with kicad-footprint-generator")
    (tags resistor)
    (path /5F4705D5)
    (attr smd)
    (fp_text reference R1 (at 0 -1.82 90) (layer F.SilkS)
      (effects (font (size 1 1) (thickness 0.15)))
    )
    (fp_text value 10K (at 0 1.82 90) (layer F.Fab)
      (effects (font (size 1 1) (thickness 0.15)))
    )
    (fp_text user %R (at 0 0 90) (layer F.Fab)
      (effects (font (size 0.8 0.8) (thickness 0.12)))
    )
    (fp_line (start 2.28 1.12) (end -2.28 1.12) (layer F.CrtYd) (width 0.05))
    (fp_line (start 2.28 -1.12) (end 2.28 1.12) (layer F.CrtYd) (width 0.05))
    (fp_line (start -2.28 -1.12) (end 2.28 -1.12) (layer F.CrtYd) (width 0.05))
    (fp_line (start -2.28 1.12) (end -2.28 -1.12) (layer F.CrtYd) (width 0.05))
    (fp_line (start -0.602064 0.91) (end 0.602064 0.91) (layer F.SilkS) (width 0.12))
    (fp_line (start -0.602064 -0.91) (end 0.602064 -0.91) (layer F.SilkS) (width 0.12))
    (fp_line (start 1.6 0.8) (end -1.6 0.8) (layer F.Fab) (width 0.1))
    (fp_line (start 1.6 -0.8) (end 1.6 0.8) (layer F.Fab) (width 0.1))
    (fp_line (start -1.6 -0.8) (end 1.6 -0.8) (layer F.Fab) (width 0.1))
    (fp_line (start -1.6 0.8) (end -1.6 -0.8) (layer F.Fab) (width 0.1))
    (pad 1 smd roundrect (at -1.4 0 270) (size 1.25 1.75) (layers F.Cu F.Paste F.Mask) (roundrect_rratio 0.2)
      (net 2 +3V3))
    (pad 2 smd roundrect (at 1.4 0 270) (size 1.25 1.75) (layers F.Cu F.Paste F.Mask) (roundrect_rratio 0.2)
      (net 4 SCL))
    (model ${KISYS3DMOD}/Resistor_SMD.3dshapes/R_1206_3216Metric.wrl
      (at (xyz 0 0 0))
      (scale (xyz 1 1 1))
      (rotate (xyz 0 0 0))
    )
  )

  (module SamacSys_Parts:SON65P200X200X65-7N-D (layer F.Cu) (tedit 5F45FCBF) (tstamp 5F4955C4)
    (at 184.9 124.95)
    (descr DNP0006A_1)
    (tags "Integrated Circuit")
    (path /5F46D327)
    (attr smd)
    (fp_text reference IC1 (at 0 0) (layer F.SilkS)
      (effects (font (size 1.27 1.27) (thickness 0.254)))
    )
    (fp_text value OPT3002DNPT (at 0 0) (layer F.SilkS) hide
      (effects (font (size 1.27 1.27) (thickness 0.254)))
    )
    (fp_line (start -1.625 -1.3) (end 1.625 -1.3) (layer Dwgs.User) (width 0.05))
    (fp_line (start 1.625 -1.3) (end 1.625 1.3) (layer Dwgs.User) (width 0.05))
    (fp_line (start 1.625 1.3) (end -1.625 1.3) (layer Dwgs.User) (width 0.05))
    (fp_line (start -1.625 1.3) (end -1.625 -1.3) (layer Dwgs.User) (width 0.05))
    (fp_line (start -1 -1) (end 1 -1) (layer Dwgs.User) (width 0.1))
    (fp_line (start 1 -1) (end 1 1) (layer Dwgs.User) (width 0.1))
    (fp_line (start 1 1) (end -1 1) (layer Dwgs.User) (width 0.1))
    (fp_line (start -1 1) (end -1 -1) (layer Dwgs.User) (width 0.1))
    (fp_line (start -1 -0.5) (end -0.5 -1) (layer Dwgs.User) (width 0.1))
    (fp_circle (center -1.375 -1.3) (end -1.25 -1.3) (layer F.SilkS) (width 0.254))
    (pad 1 smd rect (at -1 -0.65 90) (size 0.3 0.75) (layers F.Cu F.Paste F.Mask)
      (net 2 +3V3))
    (pad 2 smd rect (at -1 0 90) (size 0.3 0.75) (layers F.Cu F.Paste F.Mask)
      (net 1 GND))
    (pad 3 smd rect (at -1 0.65 90) (size 0.3 0.75) (layers F.Cu F.Paste F.Mask)
      (net 1 GND))
    (pad 4 smd rect (at 1 0.65 90) (size 0.3 0.75) (layers F.Cu F.Paste F.Mask)
      (net 4 SCL))
    (pad 5 smd rect (at 1 0 90) (size 0.3 0.75) (layers F.Cu F.Paste F.Mask)
      (net 5 "Net-(IC1-Pad5)"))
    (pad 6 smd rect (at 1 -0.65 90) (size 0.3 0.75) (layers F.Cu F.Paste F.Mask)
      (net 3 SDA))
    (pad 7 smd rect (at 0 0) (size 0.75 1.45) (layers F.Cu F.Paste F.Mask)
      (net 1 GND))
  )

  (module Resistor_SMD:R_1206_3216Metric (layer F.Cu) (tedit 5B301BBD) (tstamp 5F4955B4)
    (at 190.3 124.2 270)
    (descr "Resistor SMD 1206 (3216 Metric), square (rectangular) end terminal, IPC_7351 nominal, (Body size source: http://www.tortai-tech.com/upload/download/2011102023233369053.pdf), generated with kicad-footprint-generator")
    (tags resistor)
    (path /5F46FED4)
    (attr smd)
    (fp_text reference R3 (at 0 -1.82 90) (layer F.SilkS)
      (effects (font (size 1 1) (thickness 0.15)))
    )
    (fp_text value 10K (at 0 1.82 90) (layer F.Fab)
      (effects (font (size 1 1) (thickness 0.15)))
    )
    (fp_text user %R (at 0 0 90) (layer F.Fab)
      (effects (font (size 0.8 0.8) (thickness 0.12)))
    )
    (fp_line (start 2.28 1.12) (end -2.28 1.12) (layer F.CrtYd) (width 0.05))
    (fp_line (start 2.28 -1.12) (end 2.28 1.12) (layer F.CrtYd) (width 0.05))
    (fp_line (start -2.28 -1.12) (end 2.28 -1.12) (layer F.CrtYd) (width 0.05))
    (fp_line (start -2.28 1.12) (end -2.28 -1.12) (layer F.CrtYd) (width 0.05))
    (fp_line (start -0.602064 0.91) (end 0.602064 0.91) (layer F.SilkS) (width 0.12))
    (fp_line (start -0.602064 -0.91) (end 0.602064 -0.91) (layer F.SilkS) (width 0.12))
    (fp_line (start 1.6 0.8) (end -1.6 0.8) (layer F.Fab) (width 0.1))
    (fp_line (start 1.6 -0.8) (end 1.6 0.8) (layer F.Fab) (width 0.1))
    (fp_line (start -1.6 -0.8) (end 1.6 -0.8) (layer F.Fab) (width 0.1))
    (fp_line (start -1.6 0.8) (end -1.6 -0.8) (layer F.Fab) (width 0.1))
    (pad 1 smd roundrect (at -1.4 0 270) (size 1.25 1.75) (layers F.Cu F.Paste F.Mask) (roundrect_rratio 0.2)
      (net 2 +3V3))
    (pad 2 smd roundrect (at 1.4 0 270) (size 1.25 1.75) (layers F.Cu F.Paste F.Mask) (roundrect_rratio 0.2)
      (net 5 "Net-(IC1-Pad5)"))
    (model ${KISYS3DMOD}/Resistor_SMD.3dshapes/R_1206_3216Metric.wrl
      (at (xyz 0 0 0))
      (scale (xyz 1 1 1))
      (rotate (xyz 0 0 0))
    )
  )

  (module SamacSys_Parts:TSM-104-YY-ZZZ-DV-P-TR (layer F.Cu) (tedit 5F3F11ED) (tstamp 5F49559E)
    (at 184.81 132.475)
    (descr TSM-104-YY-ZZZ-DV-P-TR)
    (tags Connector)
    (path /5F3F1E47)
    (attr smd)
    (fp_text reference J1 (at 0 0) (layer F.SilkS)
      (effects (font (size 1.27 1.27) (thickness 0.254)))
    )
    (fp_text value TSM-104-02-S-DV-P-TR (at 0 0) (layer F.SilkS) hide
      (effects (font (size 1.27 1.27) (thickness 0.254)))
    )
    (fp_line (start -5.08 -2.54) (end 5.08 -2.54) (layer Dwgs.User) (width 0.2))
    (fp_line (start 5.08 -2.54) (end 5.08 2.54) (layer Dwgs.User) (width 0.2))
    (fp_line (start 5.08 2.54) (end -5.08 2.54) (layer Dwgs.User) (width 0.2))
    (fp_line (start -5.08 2.54) (end -5.08 -2.54) (layer Dwgs.User) (width 0.2))
    (fp_line (start 5.08 -2.54) (end 5.08 2.54) (layer F.SilkS) (width 0.1))
    (fp_line (start -5.08 2.54) (end -5.08 -2.54) (layer F.SilkS) (width 0.1))
    (fp_line (start -6.28 -5.875) (end 6.28 -5.875) (layer Dwgs.User) (width 0.05))
    (fp_line (start 6.28 -5.875) (end 6.28 5.315) (layer Dwgs.User) (width 0.05))
    (fp_line (start 6.28 5.315) (end -6.28 5.315) (layer Dwgs.User) (width 0.05))
    (fp_line (start -6.28 5.315) (end -6.28 -5.875) (layer Dwgs.User) (width 0.05))
    (fp_circle (center 3.86 -4.775) (end 3.81 -4.775) (layer F.SilkS) (width 0.254))
    (pad 1 smd rect (at 3.81 -2.475) (size 1.27 3.68) (layers F.Cu F.Paste F.Mask)
      (net 3 SDA))
    (pad 2 smd rect (at 3.81 2.475) (size 1.27 3.68) (layers F.Cu F.Paste F.Mask)
      (net 1 GND))
    (pad 3 smd rect (at 1.27 -2.475) (size 1.27 3.68) (layers F.Cu F.Paste F.Mask)
      (net 4 SCL))
    (pad 4 smd rect (at 1.27 2.475) (size 1.27 3.68) (layers F.Cu F.Paste F.Mask)
      (net 1 GND))
    (pad 5 smd rect (at -1.27 -2.475) (size 1.27 3.68) (layers F.Cu F.Paste F.Mask)
      (net 1 GND))
    (pad 6 smd rect (at -1.27 2.475) (size 1.27 3.68) (layers F.Cu F.Paste F.Mask)
      (net 1 GND))
    (pad 7 smd rect (at -3.81 -2.475) (size 1.27 3.68) (layers F.Cu F.Paste F.Mask)
      (net 2 +3V3))
    (pad 8 smd rect (at -3.81 2.475) (size 1.27 3.68) (layers F.Cu F.Paste F.Mask)
      (net 1 GND))
  )

  (module SamacSys_Parts:TSM-104-YY-ZZZ-DV-P-TR (layer F.Cu) (tedit 5F3F11ED) (tstamp 5F495588)
    (at 154.81 132.475)
    (descr TSM-104-YY-ZZZ-DV-P-TR)
    (tags Connector)
    (path /5F3F1E47)
    (attr smd)
    (fp_text reference J1 (at 0 0) (layer F.SilkS)
      (effects (font (size 1.27 1.27) (thickness 0.254)))
    )
    (fp_text value TSM-104-02-S-DV-P-TR (at 0 0) (layer F.SilkS) hide
      (effects (font (size 1.27 1.27) (thickness 0.254)))
    )
    (fp_line (start -5.08 -2.54) (end 5.08 -2.54) (layer Dwgs.User) (width 0.2))
    (fp_line (start 5.08 -2.54) (end 5.08 2.54) (layer Dwgs.User) (width 0.2))
    (fp_line (start 5.08 2.54) (end -5.08 2.54) (layer Dwgs.User) (width 0.2))
    (fp_line (start -5.08 2.54) (end -5.08 -2.54) (layer Dwgs.User) (width 0.2))
    (fp_line (start 5.08 -2.54) (end 5.08 2.54) (layer F.SilkS) (width 0.1))
    (fp_line (start -5.08 2.54) (end -5.08 -2.54) (layer F.SilkS) (width 0.1))
    (fp_line (start -6.28 -5.875) (end 6.28 -5.875) (layer Dwgs.User) (width 0.05))
    (fp_line (start 6.28 -5.875) (end 6.28 5.315) (layer Dwgs.User) (width 0.05))
    (fp_line (start 6.28 5.315) (end -6.28 5.315) (layer Dwgs.User) (width 0.05))
    (fp_line (start -6.28 5.315) (end -6.28 -5.875) (layer Dwgs.User) (width 0.05))
    (fp_circle (center 3.86 -4.775) (end 3.81 -4.775) (layer F.SilkS) (width 0.254))
    (pad 1 smd rect (at 3.81 -2.475) (size 1.27 3.68) (layers F.Cu F.Paste F.Mask)
      (net 3 SDA))
    (pad 2 smd rect (at 3.81 2.475) (size 1.27 3.68) (layers F.Cu F.Paste F.Mask)
      (net 1 GND))
    (pad 3 smd rect (at 1.27 -2.475) (size 1.27 3.68) (layers F.Cu F.Paste F.Mask)
      (net 4 SCL))
    (pad 4 smd rect (at 1.27 2.475) (size 1.27 3.68) (layers F.Cu F.Paste F.Mask)
      (net 1 GND))
    (pad 5 smd rect (at -1.27 -2.475) (size 1.27 3.68) (layers F.Cu F.Paste F.Mask)
      (net 1 GND))
    (pad 6 smd rect (at -1.27 2.475) (size 1.27 3.68) (layers F.Cu F.Paste F.Mask)
      (net 1 GND))
    (pad 7 smd rect (at -3.81 -2.475) (size 1.27 3.68) (layers F.Cu F.Paste F.Mask)
      (net 2 +3V3))
    (pad 8 smd rect (at -3.81 2.475) (size 1.27 3.68) (layers F.Cu F.Paste F.Mask)
      (net 1 GND))
  )

  (module Capacitor_SMD:C_1206_3216Metric_Pad1.42x1.75mm_HandSolder (layer F.Cu) (tedit 5B301BBE) (tstamp 5F495578)
    (at 166.2 124.1 90)
    (descr "Capacitor SMD 1206 (3216 Metric), square (rectangular) end terminal, IPC_7351 nominal with elongated pad for handsoldering. (Body size source: http://www.tortai-tech.com/upload/download/2011102023233369053.pdf), generated with kicad-footprint-generator")
    (tags "capacitor handsolder")
    (path /5F46BC93)
    (attr smd)
    (fp_text reference C1 (at 0 -1.82 90) (layer F.SilkS)
      (effects (font (size 1 1) (thickness 0.15)))
    )
    (fp_text value 100nF (at 0 1.82 90) (layer F.Fab)
      (effects (font (size 1 1) (thickness 0.15)))
    )
    (fp_line (start -1.6 0.8) (end -1.6 -0.8) (layer F.Fab) (width 0.1))
    (fp_line (start -1.6 -0.8) (end 1.6 -0.8) (layer F.Fab) (width 0.1))
    (fp_line (start 1.6 -0.8) (end 1.6 0.8) (layer F.Fab) (width 0.1))
    (fp_line (start 1.6 0.8) (end -1.6 0.8) (layer F.Fab) (width 0.1))
    (fp_line (start -0.602064 -0.91) (end 0.602064 -0.91) (layer F.SilkS) (width 0.12))
    (fp_line (start -0.602064 0.91) (end 0.602064 0.91) (layer F.SilkS) (width 0.12))
    (fp_line (start -2.45 1.12) (end -2.45 -1.12) (layer F.CrtYd) (width 0.05))
    (fp_line (start -2.45 -1.12) (end 2.45 -1.12) (layer F.CrtYd) (width 0.05))
    (fp_line (start 2.45 -1.12) (end 2.45 1.12) (layer F.CrtYd) (width 0.05))
    (fp_line (start 2.45 1.12) (end -2.45 1.12) (layer F.CrtYd) (width 0.05))
    (fp_text user %R (at 0 0 90) (layer F.Fab)
      (effects (font (size 0.8 0.8) (thickness 0.12)))
    )
    (pad 2 smd roundrect (at 1.4875 0 90) (size 1.425 1.75) (layers F.Cu F.Paste F.Mask) (roundrect_rratio 0.175439)
      (net 1 GND))
    (pad 1 smd roundrect (at -1.4875 0 90) (size 1.425 1.75) (layers F.Cu F.Paste F.Mask) (roundrect_rratio 0.175439)
      (net 2 +3V3))
    (model ${KISYS3DMOD}/Capacitor_SMD.3dshapes/C_1206_3216Metric.wrl
      (at (xyz 0 0 0))
      (scale (xyz 1 1 1))
      (rotate (xyz 0 0 0))
    )
  )

  (module SamacSys_Parts:SON65P200X200X65-7N-D (layer F.Cu) (tedit 5F45FCBF) (tstamp 5F495564)
    (at 154.9 124.95)
    (descr DNP0006A_1)
    (tags "Integrated Circuit")
    (path /5F46D327)
    (attr smd)
    (fp_text reference IC1 (at 0 0) (layer F.SilkS)
      (effects (font (size 1.27 1.27) (thickness 0.254)))
    )
    (fp_text value OPT3002DNPT (at 0 0) (layer F.SilkS) hide
      (effects (font (size 1.27 1.27) (thickness 0.254)))
    )
    (fp_line (start -1.625 -1.3) (end 1.625 -1.3) (layer Dwgs.User) (width 0.05))
    (fp_line (start 1.625 -1.3) (end 1.625 1.3) (layer Dwgs.User) (width 0.05))
    (fp_line (start 1.625 1.3) (end -1.625 1.3) (layer Dwgs.User) (width 0.05))
    (fp_line (start -1.625 1.3) (end -1.625 -1.3) (layer Dwgs.User) (width 0.05))
    (fp_line (start -1 -1) (end 1 -1) (layer Dwgs.User) (width 0.1))
    (fp_line (start 1 -1) (end 1 1) (layer Dwgs.User) (width 0.1))
    (fp_line (start 1 1) (end -1 1) (layer Dwgs.User) (width 0.1))
    (fp_line (start -1 1) (end -1 -1) (layer Dwgs.User) (width 0.1))
    (fp_line (start -1 -0.5) (end -0.5 -1) (layer Dwgs.User) (width 0.1))
    (fp_circle (center -1.375 -1.3) (end -1.25 -1.3) (layer F.SilkS) (width 0.254))
    (pad 1 smd rect (at -1 -0.65 90) (size 0.3 0.75) (layers F.Cu F.Paste F.Mask)
      (net 2 +3V3))
    (pad 2 smd rect (at -1 0 90) (size 0.3 0.75) (layers F.Cu F.Paste F.Mask)
      (net 1 GND))
    (pad 3 smd rect (at -1 0.65 90) (size 0.3 0.75) (layers F.Cu F.Paste F.Mask)
      (net 1 GND))
    (pad 4 smd rect (at 1 0.65 90) (size 0.3 0.75) (layers F.Cu F.Paste F.Mask)
      (net 4 SCL))
    (pad 5 smd rect (at 1 0 90) (size 0.3 0.75) (layers F.Cu F.Paste F.Mask)
      (net 5 "Net-(IC1-Pad5)"))
    (pad 6 smd rect (at 1 -0.65 90) (size 0.3 0.75) (layers F.Cu F.Paste F.Mask)
      (net 3 SDA))
    (pad 7 smd rect (at 0 0) (size 0.75 1.45) (layers F.Cu F.Paste F.Mask)
      (net 1 GND))
  )

  (module Resistor_SMD:R_1206_3216Metric (layer F.Cu) (tedit 5B301BBD) (tstamp 5F495554)
    (at 175.3 124.2 270)
    (descr "Resistor SMD 1206 (3216 Metric), square (rectangular) end terminal, IPC_7351 nominal, (Body size source: http://www.tortai-tech.com/upload/download/2011102023233369053.pdf), generated with kicad-footprint-generator")
    (tags resistor)
    (path /5F46FED4)
    (attr smd)
    (fp_text reference R3 (at 0 -1.82 90) (layer F.SilkS)
      (effects (font (size 1 1) (thickness 0.15)))
    )
    (fp_text value 10K (at 0 1.82 90) (layer F.Fab)
      (effects (font (size 1 1) (thickness 0.15)))
    )
    (fp_line (start -1.6 0.8) (end -1.6 -0.8) (layer F.Fab) (width 0.1))
    (fp_line (start -1.6 -0.8) (end 1.6 -0.8) (layer F.Fab) (width 0.1))
    (fp_line (start 1.6 -0.8) (end 1.6 0.8) (layer F.Fab) (width 0.1))
    (fp_line (start 1.6 0.8) (end -1.6 0.8) (layer F.Fab) (width 0.1))
    (fp_line (start -0.602064 -0.91) (end 0.602064 -0.91) (layer F.SilkS) (width 0.12))
    (fp_line (start -0.602064 0.91) (end 0.602064 0.91) (layer F.SilkS) (width 0.12))
    (fp_line (start -2.28 1.12) (end -2.28 -1.12) (layer F.CrtYd) (width 0.05))
    (fp_line (start -2.28 -1.12) (end 2.28 -1.12) (layer F.CrtYd) (width 0.05))
    (fp_line (start 2.28 -1.12) (end 2.28 1.12) (layer F.CrtYd) (width 0.05))
    (fp_line (start 2.28 1.12) (end -2.28 1.12) (layer F.CrtYd) (width 0.05))
    (fp_text user %R (at 0 0 90) (layer F.Fab)
      (effects (font (size 0.8 0.8) (thickness 0.12)))
    )
    (pad 2 smd roundrect (at 1.4 0 270) (size 1.25 1.75) (layers F.Cu F.Paste F.Mask) (roundrect_rratio 0.2)
      (net 5 "Net-(IC1-Pad5)"))
    (pad 1 smd roundrect (at -1.4 0 270) (size 1.25 1.75) (layers F.Cu F.Paste F.Mask) (roundrect_rratio 0.2)
      (net 2 +3V3))
    (model ${KISYS3DMOD}/Resistor_SMD.3dshapes/R_1206_3216Metric.wrl
      (at (xyz 0 0 0))
      (scale (xyz 1 1 1))
      (rotate (xyz 0 0 0))
    )
  )

  (module Capacitor_SMD:C_1206_3216Metric_Pad1.42x1.75mm_HandSolder (layer F.Cu) (tedit 5B301BBE) (tstamp 5F495544)
    (at 136.2 124.1 90)
    (descr "Capacitor SMD 1206 (3216 Metric), square (rectangular) end terminal, IPC_7351 nominal with elongated pad for handsoldering. (Body size source: http://www.tortai-tech.com/upload/download/2011102023233369053.pdf), generated with kicad-footprint-generator")
    (tags "capacitor handsolder")
    (path /5F46BC93)
    (attr smd)
    (fp_text reference C1 (at 0 -1.82 90) (layer F.SilkS)
      (effects (font (size 1 1) (thickness 0.15)))
    )
    (fp_text value 100nF (at 0 1.82 90) (layer F.Fab)
      (effects (font (size 1 1) (thickness 0.15)))
    )
    (fp_line (start -1.6 0.8) (end -1.6 -0.8) (layer F.Fab) (width 0.1))
    (fp_line (start -1.6 -0.8) (end 1.6 -0.8) (layer F.Fab) (width 0.1))
    (fp_line (start 1.6 -0.8) (end 1.6 0.8) (layer F.Fab) (width 0.1))
    (fp_line (start 1.6 0.8) (end -1.6 0.8) (layer F.Fab) (width 0.1))
    (fp_line (start -0.602064 -0.91) (end 0.602064 -0.91) (layer F.SilkS) (width 0.12))
    (fp_line (start -0.602064 0.91) (end 0.602064 0.91) (layer F.SilkS) (width 0.12))
    (fp_line (start -2.45 1.12) (end -2.45 -1.12) (layer F.CrtYd) (width 0.05))
    (fp_line (start -2.45 -1.12) (end 2.45 -1.12) (layer F.CrtYd) (width 0.05))
    (fp_line (start 2.45 -1.12) (end 2.45 1.12) (layer F.CrtYd) (width 0.05))
    (fp_line (start 2.45 1.12) (end -2.45 1.12) (layer F.CrtYd) (width 0.05))
    (fp_text user %R (at 0 0 90) (layer F.Fab)
      (effects (font (size 0.8 0.8) (thickness 0.12)))
    )
    (pad 2 smd roundrect (at 1.4875 0 90) (size 1.425 1.75) (layers F.Cu F.Paste F.Mask) (roundrect_rratio 0.175439)
      (net 1 GND))
    (pad 1 smd roundrect (at -1.4875 0 90) (size 1.425 1.75) (layers F.Cu F.Paste F.Mask) (roundrect_rratio 0.175439)
